CarID_0 = 0
PosX_0 = 2124.95605468
PosY_0 = -1132.29833984
PosZ_0 = 30.46120071
PosA_0 = 350.38989257
Cor_0 = 0
